1 1
2 1
3 2
4 2
5 3
6 3
7 5
8 5
9 8
10 8
11 13
12 13
13 21
14 21
15 34
16 34
17 55
18 55
19 89
20 89
21 144
22 144
23 233
24 233
25 377
26 377
27 610
28 610
29 987
30 987
31 1597
32 1597
33 2584
34 2584
35 4181
36 4181
37 6765
38 6765
39 10946
40 10946
41 17711
42 17711
43 28657
44 28657
45 46368
46 46368
47 75025
48 75025
49 121393
50 121393
51 196418
52 196418
53 317811
54 317811
55 514229
56 514229
57 832040
58 832040
59 1346269
60 1346269
61 2178309
62 2178309
63 3524578
64 3524578
65 5702887
66 5702887
67 9227465
68 9227465
69 14930352
70 14930352
71 24157817
72 24157817
73 39088169
74 39088169
75 63245986
76 63245986
77 102334155
78 102334155
79 165580141
80 165580141
81 267914296
82 267914296
83 433494437
84 433494437
85 701408733
86 701408733
87 134903163
88 134903163
89 836311896
90 836311896
91 971215059
92 971215059
93 807526948
94 807526948
95 778742000
96 778742000
97 586268941
98 586268941
99 365010934
100 365010934
101 951279875
102 951279875
103 316290802
104 316290802
105 267570670
106 267570670
107 583861472
108 583861472
109 851432142
110 851432142
111 435293607
112 435293607
113 286725742
114 286725742
115 722019349
116 722019349
117 8745084
118 8745084
119 730764433
120 730764433
121 739509517
122 739509517
123 470273943
124 470273943
125 209783453
126 209783453
127 680057396
128 680057396
129 889840849
130 889840849
131 569898238
132 569898238
133 459739080
134 459739080
135 29637311
136 29637311
137 489376391
138 489376391
139 519013702
140 519013702
141 8390086
142 8390086
143 527403788
144 527403788
145 535793874
146 535793874
147 63197655
148 63197655
149 598991529
150 598991529
151 662189184
152 662189184
153 261180706
154 261180706
155 923369890
156 923369890
157 184550589
158 184550589
159 107920472
160 107920472
161 292471061
162 292471061
163 400391533
164 400391533
165 692862594
166 692862594
167 93254120
168 93254120
169 786116714
170 786116714
171 879370834
172 879370834
173 665487541
174 665487541
175 544858368
176 544858368
177 210345902
178 210345902
179 755204270
180 755204270
181 965550172
182 965550172
183 720754435
184 720754435
185 686304600
186 686304600
187 407059028
188 407059028
189 93363621
190 93363621
191 500422649
192 500422649
193 593786270
194 593786270
195 94208912
196 94208912
197 687995182
198 687995182
199 782204094
200 782204094
201 470199269
202 470199269
203 252403356
204 252403356
205 722602625
206 722602625
207 975005981
208 975005981
209 697608599
210 697608599
211 672614573
212 672614573
213 370223165
214 370223165
215 42837731
216 42837731
217 413060896
218 413060896
219 455898627
220 455898627
221 868959523
222 868959523
223 324858143
224 324858143
225 193817659
226 193817659
227 518675802
228 518675802
229 712493461
230 712493461
231 231169256
232 231169256
233 943662717
234 943662717
235 174831966
236 174831966
237 118494676
238 118494676
239 293326642
240 293326642
241 411821318
242 411821318
243 705147960
244 705147960
245 116969271
246 116969271
247 822117231
248 822117231
249 939086502
250 939086502
251 761203726
252 761203726
253 700290221
254 700290221
255 461493940
256 461493940
257 161784154
258 161784154
259 623278094
260 623278094
261 785062248
262 785062248
263 408340335
264 408340335
265 193402576
266 193402576
267 601742911
268 601742911
269 795145487
270 795145487
271 396888391
272 396888391
273 192033871
274 192033871
275 588922262
276 588922262
277 780956133
278 780956133
279 369878388
280 369878388
281 150834514
282 150834514
283 520712902
284 520712902
285 671547416
286 671547416
287 192260311
288 192260311
289 863807727
290 863807727
291 56068031
292 56068031
293 919875758
294 919875758
295 975943789
296 975943789
297 895819540
298 895819540
299 871763322
300 871763322
301 767582855
302 767582855
303 639346170
304 639346170
305 406929018
306 406929018
307 46275181
308 46275181
309 453204199
310 453204199
311 499479380
312 499479380
313 952683579
314 952683579
315 452162952
316 452162952
317 404846524
318 404846524
319 857009476
320 857009476
321 261855993
322 261855993
323 118865462
324 118865462
325 380721455
326 380721455
327 499586917
328 499586917
329 880308372
330 880308372
331 379895282
332 379895282
333 260203647
334 260203647
335 640098929
336 640098929
337 900302576
338 900302576
339 540401498
340 540401498
341 440704067
342 440704067
343 981105565
344 981105565
345 421809625
346 421809625
347 402915183
348 402915183
349 824724808
350 824724808
351 227639984
352 227639984
353 52364785
354 52364785
355 280004769
356 280004769
357 332369554
358 332369554
359 612374323
360 612374323
361 944743877
362 944743877
363 557118193
364 557118193
365 501862063
366 501862063
367 58980249
368 58980249
369 560842312
370 560842312
371 619822561
372 619822561
373 180664866
374 180664866
375 800487427
376 800487427
377 981152293
378 981152293
379 781639713
380 781639713
381 762791999
382 762791999
383 544431705
384 544431705
385 307223697
386 307223697
387 851655402
388 851655402
389 158879092
390 158879092
391 10534487
392 10534487
393 169413579
394 169413579
395 179948066
396 179948066
397 349361645
398 349361645
399 529309711
400 529309711
401 878671356
402 878671356
403 407981060
404 407981060
405 286652409
406 286652409
407 694633469
408 694633469
409 981285878
410 981285878
411 675919340
412 675919340
413 657205211
414 657205211
415 333124544
416 333124544
417 990329755
418 990329755
419 323454292
420 323454292
421 313784040
422 313784040
423 637238332
424 637238332
425 951022372
426 951022372
427 588260697
428 588260697
429 539283062
430 539283062
431 127543752
432 127543752
433 666826814
434 666826814
435 794370566
436 794370566
437 461197373
438 461197373
439 255567932
440 255567932
441 716765305
442 716765305
443 972333237
444 972333237
445 689098535
446 689098535
447 661431765
448 661431765
449 350530293
450 350530293
451 11962051
452 11962051
453 362492344
454 362492344
455 374454395
456 374454395
457 736946739
458 736946739
459 111401127
460 111401127
461 848347866
462 848347866
463 959748993
464 959748993
465 808096852
466 808096852
467 767845838
468 767845838
469 575942683
470 575942683
471 343788514
472 343788514
473 919731197
474 919731197
475 263519704
476 263519704
477 183250894
478 183250894
479 446770598
480 446770598
481 630021492
482 630021492
483 76792083
484 76792083
485 706813575
486 706813575
487 783605658
488 783605658
489 490419226
490 490419226
491 274024877
492 274024877
493 764444103
494 764444103
495 38468973
496 38468973
497 802913076
498 802913076
499 841382049
500 841382049
501 644295118
502 644295118
503 485677160
504 485677160
505 129972271
506 129972271
507 615649431
508 615649431
509 745621702
510 745621702
511 361271126
512 361271126
513 106892821
514 106892821
515 468163947
516 468163947
517 575056768
518 575056768
519 43220708
520 43220708
521 618277476
522 618277476
523 661498184
524 661498184
525 279775653
526 279775653
527 941273837
528 941273837
529 221049483
530 221049483
531 162323313
532 162323313
533 383372796
534 383372796
535 545696109
536 545696109
537 929068905
538 929068905
539 474765007
540 474765007
541 403833905
542 403833905
543 878598912
544 878598912
545 282432810
546 282432810
547 161031715
548 161031715
549 443464525
550 443464525
551 604496240
552 604496240
553 47960758
554 47960758
555 652456998
556 652456998
557 700417756
558 700417756
559 352874747
560 352874747
561 53292496
562 53292496
563 406167243
564 406167243
565 459459739
566 459459739
567 865626982
568 865626982
569 325086714
570 325086714
571 190713689
572 190713689
573 515800403
574 515800403
575 706514092
576 706514092
577 222314488
578 222314488
579 928828580
580 928828580
581 151143061
582 151143061
583 79971634
584 79971634
585 231114695
586 231114695
587 311086329
588 311086329
589 542201024
590 542201024
591 853287353
592 853287353
593 395488370
594 395488370
595 248775716
596 248775716
597 644264086
598 644264086
599 893039802
600 893039802
601 537303881
602 537303881
603 430343676
604 430343676
605 967647557
606 967647557
607 397991226
608 397991226
609 365638776
610 365638776
611 763630002
612 763630002
613 129268771
614 129268771
615 892898773
616 892898773
617 22167537
618 22167537
619 915066310
620 915066310
621 937233847
622 937233847
623 852300150
624 852300150
625 789533990
626 789533990
627 641834133
628 641834133
629 431368116
630 431368116
631 73202242
632 73202242
633 504570358
634 504570358
635 577772600
636 577772600
637 82342951
638 82342951
639 660115551
640 660115551
641 742458502
642 742458502
643 402574046
644 402574046
645 145032541
646 145032541
647 547606587
648 547606587
649 692639128
650 692639128
651 240245708
652 240245708
653 932884836
654 932884836
655 173130537
656 173130537
657 106015366
658 106015366
659 279145903
660 279145903
661 385161269
662 385161269
663 664307172
664 664307172
665 49468434
666 49468434
667 713775606
668 713775606
669 763244040
670 763244040
671 477019639
672 477019639
673 240263672
674 240263672
675 717283311
676 717283311
677 957546983
678 957546983
679 674830287
680 674830287
681 632377263
682 632377263
683 307207543
684 307207543
685 939584806
686 939584806
687 246792342
688 246792342
689 186377141
690 186377141
691 433169483
692 433169483
693 619546624
694 619546624
695 52716100
696 52716100
697 672262724
698 672262724
699 724978824
700 724978824
701 397241541
702 397241541
703 122220358
704 122220358
705 519461899
706 519461899
707 641682257
708 641682257
709 161144149
710 161144149
711 802826406
712 802826406
713 963970555
714 963970555
715 766796954
716 766796954
717 730767502
718 730767502
719 497564449
720 497564449
721 228331944
722 228331944
723 725896393
724 725896393
725 954228337
726 954228337
727 680124723
728 680124723
729 634353053
730 634353053
731 314477769
732 314477769
733 948830822
734 948830822
735 263308584
736 263308584
737 212139399
738 212139399
739 475447983
740 475447983
741 687587382
742 687587382
743 163035358
744 163035358
745 850622740
746 850622740
747 13658091
748 13658091
749 864280831
750 864280831
751 877938922
752 877938922
753 742219746
754 742219746
755 620158661
756 620158661
757 362378400
758 362378400
759 982537061
760 982537061
761 344915454
762 344915454
763 327452508
764 327452508
765 672367962
766 672367962
767 999820470
768 999820470
769 672188425
770 672188425
771 672008888
772 672008888
773 344197306
774 344197306
775 16206187
776 16206187
777 360403493
778 360403493
779 376609680
780 376609680
781 737013173
782 737013173
783 113622846
784 113622846
785 850636019
786 850636019
787 964258865
788 964258865
789 814894877
790 814894877
791 779153735
792 779153735
793 594048605
794 594048605
795 373202333
796 373202333
797 967250938
798 967250938
799 340453264
800 340453264
801 307704195
802 307704195
803 648157459
804 648157459
805 955861654
806 955861654
807 604019106
808 604019106
809 559880753
810 559880753
811 163899852
812 163899852
813 723780605
814 723780605
815 887680457
816 887680457
817 611461055
818 611461055
819 499141505
820 499141505
821 110602553
822 110602553
823 609744058
824 609744058
825 720346611
826 720346611
827 330090662
828 330090662
829 50437266
830 50437266
831 380527928
832 380527928
833 430965194
834 430965194
835 811493122
836 811493122
837 242458309
838 242458309
839 53951424
840 53951424
841 296409733
842 296409733
843 350361157
844 350361157
845 646770890
846 646770890
847 997132047
848 997132047
849 643902930
850 643902930
851 641034970
852 641034970
853 284937893
854 284937893
855 925972863
856 925972863
857 210910749
858 210910749
859 136883605
860 136883605
861 347794354
862 347794354
863 484677959
864 484677959
865 832472313
866 832472313
867 317150265
868 317150265
869 149622571
870 149622571
871 466772836
872 466772836
873 616395407
874 616395407
875 83168236
876 83168236
877 699563643
878 699563643
879 782731879
880 782731879
881 482295515
882 482295515
883 265027387
884 265027387
885 747322902
886 747322902
887 12350282
888 12350282
889 759673184
890 759673184
891 772023466
892 772023466
893 531696643
894 531696643
895 303720102
896 303720102
897 835416745
898 835416745
899 139136840
900 139136840
901 974553585
902 974553585
903 113690418
904 113690418
905 88243996
906 88243996
907 201934414
908 201934414
909 290178410
910 290178410
911 492112824
912 492112824
913 782291234
914 782291234
915 274404051
916 274404051
917 56695278
918 56695278
919 331099329
920 331099329
921 387794607
922 387794607
923 718893936
924 718893936
925 106688536
926 106688536
927 825582472
928 825582472
929 932271008
930 932271008
931 757853473
932 757853473
933 690124474
934 690124474
935 447977940
936 447977940
937 138102407
938 138102407
939 586080347
940 586080347
941 724182754
942 724182754
943 310263094
944 310263094
945 34445841
946 34445841
947 344708935
948 344708935
949 379154776
950 379154776
951 723863711
952 723863711
953 103018480
954 103018480
955 826882191
956 826882191
957 929900671
958 929900671
959 756782855
960 756782855
961 686683519
962 686683519
963 443466367
964 443466367
965 130149879
966 130149879
967 573616246
968 573616246
969 703766125
970 703766125
971 277382364
972 277382364
973 981148489
974 981148489
975 258530846
976 258530846
977 239679328
978 239679328
979 498210174
980 498210174
981 737889502
982 737889502
983 236099669
984 236099669
985 973989171
986 973989171
987 210088833
988 210088833
989 184077997
990 184077997
991 394166830
992 394166830
993 578244827
994 578244827
995 972411657
996 972411657
997 550656477
998 550656477
999 523068127
1000 523068127
1001 73724597
1002 73724597
1003 596792724
1004 596792724
1005 670517321
1006 670517321
1007 267310038
1008 267310038
1009 937827359
1010 937827359
1011 205137390
1012 205137390
1013 142964742
1014 142964742
1015 348102132
1016 348102132
1017 491066874
1018 491066874
1019 839169006
1020 839169006
1021 330235873
1022 330235873
1023 169404872
1024 169404872
1025 499640745
1026 499640745
1027 669045617
1028 669045617
1029 168686355
1030 168686355
1031 837731972
1032 837731972
1033 6418320
1034 6418320
1035 844150292
1036 844150292
1037 850568612
1038 850568612
1039 694718897
1040 694718897
1041 545287502
1042 545287502
1043 240006392
1044 240006392
1045 785293894
1046 785293894
1047 25300279
1048 25300279
1049 810594173
1050 810594173
1051 835894452
1052 835894452
1053 646488618
1054 646488618
1055 482383063
1056 482383063
1057 128871674
1058 128871674
1059 611254737
1060 611254737
1061 740126411
1062 740126411
1063 351381141
1064 351381141
1065 91507545
1066 91507545
1067 442888686
1068 442888686
1069 534396231
1070 534396231
1071 977284917
1072 977284917
1073 511681141
1074 511681141
1075 488966051
1076 488966051
1077 647185
1078 647185
1079 489613236
1080 489613236
1081 490260421
1082 490260421
1083 979873657
1084 979873657
1085 470134071
1086 470134071
1087 450007721
1088 450007721
1089 920141792
1090 920141792
1091 370149506
1092 370149506
1093 290291291
1094 290291291
1095 660440797
1096 660440797
1097 950732088
1098 950732088
1099 611172878
1100 611172878
1101 561904959
1102 561904959
1103 173077830
1104 173077830
1105 734982789
1106 734982789
1107 908060619
1108 908060619
1109 643043401
1110 643043401
1111 551104013
1112 551104013
1113 194147407
1114 194147407
1115 745251420
1116 745251420
1117 939398827
1118 939398827
1119 684650240
1120 684650240
1121 624049060
1122 624049060
1123 308699293
1124 308699293
1125 932748353
1126 932748353
1127 241447639
1128 241447639
1129 174195985
1130 174195985
1131 415643624
1132 415643624
1133 589839609
1134 589839609
1135 5483226
1136 5483226
1137 595322835
1138 595322835
1139 600806061
1140 600806061
1141 196128889
1142 196128889
1143 796934950
1144 796934950
1145 993063839
1146 993063839
1147 789998782
1148 789998782
1149 783062614
1150 783062614
1151 573061389
1152 573061389
1153 356123996
1154 356123996
1155 929185385
1156 929185385
1157 285309374
1158 285309374
1159 214494752
1160 214494752
1161 499804126
1162 499804126
1163 714298878
1164 714298878
1165 214102997
1166 214102997
1167 928401875
1168 928401875
1169 142504865
1170 142504865
1171 70906733
1172 70906733
1173 213411598
1174 213411598
1175 284318331
1176 284318331
1177 497729929
1178 497729929
1179 782048260
1180 782048260
1181 279778182
1182 279778182
1183 61826435
1184 61826435
1185 341604617
1186 341604617
1187 403431052
1188 403431052
1189 745035669
1190 745035669
1191 148466714
1192 148466714
1193 893502383
1194 893502383
1195 41969090
1196 41969090
1197 935471473
1198 935471473
1199 977440563
1200 977440563
1201 912912029
1202 912912029
1203 890352585
1204 890352585
1205 803264607
1206 803264607
1207 693617185
1208 693617185
1209 496881785
1210 496881785
1211 190498963
1212 190498963
1213 687380748
1214 687380748
1215 877879711
1216 877879711
1217 565260452
1218 565260452
1219 443140156
1220 443140156
1221 8400601
1222 8400601
1223 451540757
1224 451540757
1225 459941358
1226 459941358
1227 911482115
1228 911482115
1229 371423466
1230 371423466
1231 282905574
1232 282905574
1233 654329040
1234 654329040
1235 937234614
1236 937234614
1237 591563647
1238 591563647
1239 528798254
1240 528798254
1241 120361894
1242 120361894
1243 649160148
1244 649160148
1245 769522042
1246 769522042
1247 418682183
1248 418682183
1249 188204218
1250 188204218
1251 606886401
1252 606886401
1253 795090619
1254 795090619
1255 401977013
1256 401977013
1257 197067625
1258 197067625
1259 599044638
1260 599044638
1261 796112263
1262 796112263
1263 395156894
1264 395156894
1265 191269150
1266 191269150
1267 586426044
1268 586426044
1269 777695194
1270 777695194
1271 364121231
1272 364121231
1273 141816418
1274 141816418
1275 505937649
1276 505937649
1277 647754067
1278 647754067
1279 153691709
1280 153691709
1281 801445776
1282 801445776
1283 955137485
1284 955137485
1285 756583254
1286 756583254
1287 711720732
1288 711720732
1289 468303979
1290 468303979
1291 180024704
1292 180024704
1293 648328683
1294 648328683
1295 828353387
1296 828353387
1297 476682063
1298 476682063
1299 305035443
1300 305035443
1301 781717506
1302 781717506
1303 86752942
1304 86752942
1305 868470448
1306 868470448
1307 955223390
1308 955223390
1309 823693831
1310 823693831
1311 778917214
1312 778917214
1313 602611038
1314 602611038
1315 381528245
1316 381528245
1317 984139283
1318 984139283
1319 365667521
1320 365667521
1321 349806797
1322 349806797
1323 715474318
1324 715474318
1325 65281108
1326 65281108
1327 780755426
1328 780755426
1329 846036534
1330 846036534
1331 626791953
1332 626791953
1333 472828480
1334 472828480
1335 99620426
1336 99620426
1337 572448906
1338 572448906
1339 672069332
1340 672069332
1341 244518231
1342 244518231
1343 916587563
1344 916587563
1345 161105787
1346 161105787
1347 77693343
1348 77693343
1349 238799130
1350 238799130
1351 316492473
1352 316492473
1353 555291603
1354 555291603
1355 871784076
1356 871784076
1357 427075672
1358 427075672
1359 298859741
1360 298859741
1361 725935413
1362 725935413
1363 24795147
1364 24795147
1365 750730560
1366 750730560
1367 775525707
1368 775525707
1369 526256260
1370 526256260
1371 301781960
1372 301781960
1373 828038220
1374 828038220
1375 129820173
1376 129820173
1377 957858393
1378 957858393
1379 87678559
1380 87678559
1381 45536945
1382 45536945
1383 133215504
1384 133215504
1385 178752449
1386 178752449
1387 311967953
1388 311967953
1389 490720402
1390 490720402
1391 802688355
1392 802688355
1393 293408750
1394 293408750
1395 96097098
1396 96097098
1397 389505848
1398 389505848
1399 485602946
1400 485602946
1401 875108794
1402 875108794
1403 360711733
1404 360711733
1405 235820520
1406 235820520
1407 596532253
1408 596532253
1409 832352773
1410 832352773
1411 428885019
1412 428885019
1413 261237785
1414 261237785
1415 690122804
1416 690122804
1417 951360589
1418 951360589
1419 641483386
1420 641483386
1421 592843968
1422 592843968
1423 234327347
1424 234327347
1425 827171315
1426 827171315
1427 61498655
1428 61498655
1429 888669970
1430 888669970
1431 950168625
1432 950168625
1433 838838588
1434 838838588
1435 789007206
1436 789007206
1437 627845787
1438 627845787
1439 416852986
1440 416852986
1441 44698766
1442 44698766
1443 461551752
1444 461551752
1445 506250518
1446 506250518
1447 967802270
1448 967802270
1449 474052781
1450 474052781
1451 441855044
1452 441855044
1453 915907825
1454 915907825
1455 357762862
1456 357762862
1457 273670680
1458 273670680
1459 631433542
1460 631433542
1461 905104222
1462 905104222
1463 536537757
1464 536537757
1465 441641972
1466 441641972
1467 978179729
1468 978179729
1469 419821694
1470 419821694
1471 398001416
1472 398001416
1473 817823110
1474 817823110
1475 215824519
1476 215824519
1477 33647622
1478 33647622
1479 249472141
1480 249472141
1481 283119763
1482 283119763
1483 532591904
1484 532591904
1485 815711667
1486 815711667
1487 348303564
1488 348303564
1489 164015224
1490 164015224
1491 512318788
1492 512318788
1493 676334012
1494 676334012
1495 188652793
1496 188652793
1497 864986805
1498 864986805
1499 53639591
1500 53639591
1501 918626396
1502 918626396
1503 972265987
1504 972265987
1505 890892376
1506 890892376
1507 863158356
1508 863158356
1509 754050725
1510 754050725
1511 617209074
1512 617209074
1513 371259792
1514 371259792
1515 988468866
1516 988468866
1517 359728651
1518 359728651
1519 348197510
1520 348197510
1521 707926161
1522 707926161
1523 56123664
1524 56123664
1525 764049825
1526 764049825
1527 820173489
1528 820173489
1529 584223307
1530 584223307
1531 404396789
1532 404396789
1533 988620096
1534 988620096
1535 393016878
1536 393016878
1537 381636967
1538 381636967
1539 774653845
1540 774653845
1541 156290805
1542 156290805
1543 930944650
1544 930944650
1545 87235448
1546 87235448
1547 18180091
1548 18180091
1549 105415539
1550 105415539
1551 123595630
1552 123595630
1553 229011169
1554 229011169
1555 352606799
1556 352606799
1557 581617968
1558 581617968
1559 934224767
1560 934224767
1561 515842728
1562 515842728
1563 450067488
1564 450067488
1565 965910216
1566 965910216
1567 415977697
1568 415977697
1569 381887906
1570 381887906
1571 797865603
1572 797865603
1573 179753502
1574 179753502
1575 977619105
1576 977619105
1577 157372600
1578 157372600
1579 134991698
1580 134991698
1581 292364298
1582 292364298
1583 427355996
1584 427355996
1585 719720294
1586 719720294
1587 147076283
1588 147076283
1589 866796577
1590 866796577
1591 13872853
1592 13872853
1593 880669430
1594 880669430
1595 894542283
1596 894542283
1597 775211706
1598 775211706
1599 669753982
1600 669753982
1601 444965681
1602 444965681
1603 114719656
1604 114719656
1605 559685337
1606 559685337
1607 674404993
1608 674404993
1609 234090323
1610 234090323
1611 908495316
1612 908495316
1613 142585632
1614 142585632
1615 51080941
1616 51080941
1617 193666573
1618 193666573
1619 244747514
1620 244747514
1621 438414087
1622 438414087
1623 683161601
1624 683161601
1625 121575681
1626 121575681
1627 804737282
1628 804737282
1629 926312963
1630 926312963
1631 731050238
1632 731050238
1633 657363194
1634 657363194
1635 388413425
1636 388413425
1637 45776612
1638 45776612
1639 434190037
1640 434190037
1641 479966649
1642 479966649
1643 914156686
1644 914156686
1645 394123328
1646 394123328
1647 308280007
1648 308280007
1649 702403335
1650 702403335
1651 10683335
1652 10683335
1653 713086670
1654 713086670
1655 723770005
1656 723770005
1657 436856668
1658 436856668
1659 160626666
1660 160626666
1661 597483334
1662 597483334
1663 758110000
1664 758110000
1665 355593327
1666 355593327
1667 113703320
1668 113703320
1669 469296647
1670 469296647
1671 582999967
1672 582999967
1673 52296607
1674 52296607
1675 635296574
1676 635296574
1677 687593181
1678 687593181
1679 322889748
1680 322889748
1681 10482922
1682 10482922
1683 333372670
1684 333372670
1685 343855592
1686 343855592
1687 677228262
1688 677228262
1689 21083847
1690 21083847
1691 698312109
1692 698312109
1693 719395956
1694 719395956
1695 417708058
1696 417708058
1697 137104007
1698 137104007
1699 554812065
1700 554812065
1701 691916072
1702 691916072
1703 246728130
1704 246728130
1705 938644202
1706 938644202
1707 185372325
1708 185372325
1709 124016520
1710 124016520
1711 309388845
1712 309388845
1713 433405365
1714 433405365
1715 742794210
1716 742794210
1717 176199568
1718 176199568
1719 918993778
1720 918993778
1721 95193339
1722 95193339
1723 14187110
1724 14187110
1725 109380449
1726 109380449
1727 123567559
1728 123567559
1729 232948008
1730 232948008
1731 356515567
1732 356515567
1733 589463575
1734 589463575
1735 945979142
1736 945979142
1737 535442710
1738 535442710
1739 481421845
1740 481421845
1741 16864548
1742 16864548
1743 498286393
1744 498286393
1745 515150941
1746 515150941
1747 13437327
1748 13437327
1749 528588268
1750 528588268
1751 542025595
1752 542025595
1753 70613856
1754 70613856
1755 612639451
1756 612639451
1757 683253307
1758 683253307
1759 295892751
1760 295892751
1761 979146058
1762 979146058
1763 275038802
1764 275038802
1765 254184853
1766 254184853
1767 529223655
1768 529223655
1769 783408508
1770 783408508
1771 312632156
1772 312632156
1773 96040657
1774 96040657
1775 408672813
1776 408672813
1777 504713470
1778 504713470
1779 913386283
1780 913386283
1781 418099746
1782 418099746
1783 331486022
1784 331486022
1785 749585768
1786 749585768
1787 81071783
1788 81071783
1789 830657551
1790 830657551
1791 911729334
1792 911729334
1793 742386878
1794 742386878
1795 654116205
1796 654116205
1797 396503076
1798 396503076
1799 50619274
1800 50619274
1801 447122350
1802 447122350
1803 497741624
1804 497741624
1805 944863974
1806 944863974
1807 442605591
1808 442605591
1809 387469558
1810 387469558
1811 830075149
1812 830075149
1813 217544700
1814 217544700
1815 47619842
1816 47619842
1817 265164542
1818 265164542
1819 312784384
1820 312784384
1821 577948926
1822 577948926
1823 890733310
1824 890733310
1825 468682229
1826 468682229
1827 359415532
1828 359415532
1829 828097761
1830 828097761
1831 187513286
1832 187513286
1833 15611040
1834 15611040
1835 203124326
1836 203124326
1837 218735366
1838 218735366
1839 421859692
1840 421859692
1841 640595058
1842 640595058
1843 62454743
1844 62454743
1845 703049801
1846 703049801
1847 765504544
1848 765504544
1849 468554338
1850 468554338
1851 234058875
1852 234058875
1853 702613213
1854 702613213
1855 936672088
1856 936672088
1857 639285294
1858 639285294
1859 575957375
1860 575957375
1861 215242662
1862 215242662
1863 791200037
1864 791200037
1865 6442692
1866 6442692
1867 797642729
1868 797642729
1869 804085421
1870 804085421
1871 601728143
1872 601728143
1873 405813557
1874 405813557
1875 7541693
1876 7541693
1877 413355250
1878 413355250
1879 420896943
1880 420896943
1881 834252193
1882 834252193
1883 255149129
1884 255149129
1885 89401315
1886 89401315
1887 344550444
1888 344550444
1889 433951759
1890 433951759
1891 778502203
1892 778502203
1893 212453955
1894 212453955
1895 990956158
1896 990956158
1897 203410106
1898 203410106
1899 194366257
1900 194366257
1901 397776363
1902 397776363
1903 592142620
1904 592142620
1905 989918983
1906 989918983
1907 582061596
1908 582061596
1909 571980572
1910 571980572
1911 154042161
1912 154042161
1913 726022733
1914 726022733
1915 880064894
1916 880064894
1917 606087620
1918 606087620
1919 486152507
1920 486152507
1921 92240120
1922 92240120
1923 578392627
1924 578392627
1925 670632747
1926 670632747
1927 249025367
1928 249025367
1929 919658114
1930 919658114
1931 168683474
1932 168683474
1933 88341581
1934 88341581
1935 257025055
1936 257025055
1937 345366636
1938 345366636
1939 602391691
1940 602391691
1941 947758327
1942 947758327
1943 550150011
1944 550150011
1945 497908331
1946 497908331
1947 48058335
1948 48058335
1949 545966666
1950 545966666
1951 594025001
1952 594025001
1953 139991660
1954 139991660
1955 734016661
1956 734016661
1957 874008321
1958 874008321
1959 608024975
1960 608024975
1961 482033289
1962 482033289
1963 90058257
1964 90058257
1965 572091546
1966 572091546
1967 662149803
1968 662149803
1969 234241342
1970 234241342
1971 896391145
1972 896391145
1973 130632480
1974 130632480
1975 27023618
1976 27023618
1977 157656098
1978 157656098
1979 184679716
1980 184679716
1981 342335814
1982 342335814
1983 527015530
1984 527015530
1985 869351344
1986 869351344
1987 396366867
1988 396366867
1989 265718204
1990 265718204
1991 662085071
1992 662085071
1993 927803275
1994 927803275
1995 589888339
1996 589888339
1997 517691607
1998 517691607
1999 107579939
2000 107579939
2001 625271546
2002 625271546
2003 732851485
2004 732851485
2005 358123024
2006 358123024
2007 90974502
2008 90974502
2009 449097526
2010 449097526
2011 540072028
2012 540072028
2013 989169554
2014 989169554
2015 529241575
2016 529241575
2017 518411122
2018 518411122
2019 47652690
2020 47652690
2021 566063812
2022 566063812
2023 613716502
2024 613716502
2025 179780307
2026 179780307
2027 793496809
2028 793496809
2029 973277116
2030 973277116
2031 766773918
2032 766773918
2033 740051027
2034 740051027
2035 506824938
2036 506824938
2037 246875958
2038 246875958
2039 753700896
2040 753700896
2041 576847
2042 576847
2043 754277743
2044 754277743
2045 754854590
2046 754854590
2047 509132326
2048 509132326
2049 263986909
2050 263986909
2051 773119235
2052 773119235
2053 37106137
2054 37106137
2055 810225372
2056 810225372
2057 847331509
2058 847331509
2059 657556874
2060 657556874
2061 504888376
2062 504888376
2063 162445243
2064 162445243
2065 667333619
2066 667333619
2067 829778862
2068 829778862
2069 497112474
2070 497112474
2071 326891329
2072 326891329
2073 824003803
2074 824003803
2075 150895125
2076 150895125
2077 974898928
2078 974898928
2079 125794046
2080 125794046
2081 100692967
2082 100692967
2083 226487013
2084 226487013
2085 327179980
2086 327179980
2087 553666993
2088 553666993
2089 880846973
2090 880846973
2091 434513959
2092 434513959
2093 315360925
2094 315360925
2095 749874884
2096 749874884
2097 65235802
2098 65235802
2099 815110686
2100 815110686
2101 880346488
2102 880346488
2103 695457167
2104 695457167
2105 575803648
2106 575803648
2107 271260808
2108 271260808
2109 847064456
2110 847064456
2111 118325257
2112 118325257
2113 965389713
2114 965389713
2115 83714963
2116 83714963
2117 49104669
2118 49104669
2119 132819632
2120 132819632
2121 181924301
2122 181924301
2123 314743933
2124 314743933
2125 496668234
2126 496668234
2127 811412167
2128 811412167
2129 308080394
2130 308080394
2131 119492554
2132 119492554
2133 427572948
2134 427572948
2135 547065502
2136 547065502
2137 974638450
2138 974638450
2139 521703945
2140 521703945
2141 496342388
2142 496342388
2143 18046326
2144 18046326
2145 514388714
2146 514388714
2147 532435040
2148 532435040
2149 46823747
2150 46823747
2151 579258787
2152 579258787
2153 626082534
2154 626082534
2155 205341314
2156 205341314
2157 831423848
2158 831423848
2159 36765155
2160 36765155
2161 868189003
2162 868189003
2163 904954158
2164 904954158
2165 773143154
2166 773143154
2167 678097305
2168 678097305
2169 451240452
2170 451240452
2171 129337750
2172 129337750
2173 580578202
2174 580578202
2175 709915952
2176 709915952
2177 290494147
2178 290494147
2179 410092
2180 410092
2181 290904239
2182 290904239
2183 291314331
2184 291314331
2185 582218570
2186 582218570
2187 873532901
2188 873532901
2189 455751464
2190 455751464
2191 329284358
2192 329284358
2193 785035822
2194 785035822
2195 114320173
2196 114320173
2197 899355995
2198 899355995
2199 13676161
2200 13676161
2201 913032156
2202 913032156
2203 926708317
2204 926708317
2205 839740466
2206 839740466
2207 766448776
2208 766448776
2209 606189235
2210 606189235
2211 372638004
2212 372638004
2213 978827239
2214 978827239
2215 351465236
2216 351465236
2217 330292468
2218 330292468
2219 681757704
2220 681757704
2221 12050165
2222 12050165
2223 693807869
2224 693807869
2225 705858034
2226 705858034
2227 399665896
2228 399665896
2229 105523923
2230 105523923
2231 505189819
2232 505189819
2233 610713742
2234 610713742
2235 115903554
2236 115903554
2237 726617296
2238 726617296
2239 842520850
2240 842520850
2241 569138139
2242 569138139
2243 411658982
2244 411658982
2245 980797121
2246 980797121
2247 392456096
2248 392456096
2249 373253210
2250 373253210
2251 765709306
2252 765709306
2253 138962509
2254 138962509
2255 904671815
2256 904671815
2257 43634317
2258 43634317
2259 948306132
2260 948306132
2261 991940449
2262 991940449
2263 940246574
2264 940246574
2265 932187016
2266 932187016
2267 872433583
2268 872433583
2269 804620592
2270 804620592
2271 677054168
2272 677054168
2273 481674753
2274 481674753
2275 158728914
2276 158728914
2277 640403667
2278 640403667
2279 799132581
2280 799132581
2281 439536241
2282 439536241
2283 238668815
2284 238668815
2285 678205056
2286 678205056
2287 916873871
2288 916873871
2289 595078920
2290 595078920
2291 511952784
2292 511952784
2293 107031697
2294 107031697
2295 618984481
2296 618984481
2297 726016178
2298 726016178
2299 345000652
2300 345000652
2301 71016823
2302 71016823
2303 416017475
2304 416017475
2305 487034298
2306 487034298
2307 903051773
2308 903051773
2309 390086064
2310 390086064
2311 293137830
2312 293137830
2313 683223894
2314 683223894
2315 976361724
2316 976361724
2317 659585611
2318 659585611
2319 635947328
2320 635947328
2321 295532932
2322 295532932
2323 931480260
2324 931480260
2325 227013185
2326 227013185
2327 158493438
2328 158493438
2329 385506623
2330 385506623
2331 544000061
2332 544000061
2333 929506684
2334 929506684
2335 473506738
2336 473506738
2337 403013415
2338 403013415
2339 876520153
2340 876520153
2341 279533561
2342 279533561
2343 156053707
2344 156053707
2345 435587268
2346 435587268
2347 591640975
2348 591640975
2349 27228236
2350 27228236
2351 618869211
2352 618869211
2353 646097447
2354 646097447
2355 264966651
2356 264966651
2357 911064098
2358 911064098
2359 176030742
2360 176030742
2361 87094833
2362 87094833
2363 263125575
2364 263125575
2365 350220408
2366 350220408
2367 613345983
2368 613345983
2369 963566391
2370 963566391
2371 576912367
2372 576912367
2373 540478751
2374 540478751
2375 117391111
2376 117391111
2377 657869862
2378 657869862
2379 775260973
2380 775260973
2381 433130828
2382 433130828
2383 208391794
2384 208391794
2385 641522622
2386 641522622
2387 849914416
2388 849914416
2389 491437031
2390 491437031
2391 341351440
2392 341351440
2393 832788471
2394 832788471
2395 174139904
2396 174139904
2397 6928368
2398 6928368
2399 181068272
2400 181068272
2401 187996640
2402 187996640
2403 369064912
2404 369064912
2405 557061552
2406 557061552
2407 926126464
2408 926126464
2409 483188009
2410 483188009
2411 409314466
2412 409314466
2413 892502475
2414 892502475
2415 301816934
2416 301816934
2417 194319402
2418 194319402
2419 496136336
2420 496136336
2421 690455738
2422 690455738
2423 186592067
2424 186592067
2425 877047805
2426 877047805
2427 63639865
2428 63639865
2429 940687670
2430 940687670
2431 4327528
2432 4327528
2433 945015198
2434 945015198
2435 949342726
2436 949342726
2437 894357917
2438 894357917
2439 843700636
2440 843700636
2441 738058546
2442 738058546
2443 581759175
2444 581759175
2445 319817714
2446 319817714
2447 901576889
2448 901576889
2449 221394596
2450 221394596
2451 122971478
2452 122971478
2453 344366074
2454 344366074
2455 467337552
2456 467337552
2457 811703626
2458 811703626
2459 279041171
2460 279041171
2461 90744790
2462 90744790
2463 369785961
2464 369785961
2465 460530751
2466 460530751
2467 830316712
2468 830316712
2469 290847456
2470 290847456
2471 121164161
2472 121164161
2473 412011617
2474 412011617
2475 533175778
2476 533175778
2477 945187395
2478 945187395
2479 478363166
2480 478363166
2481 423550554
2482 423550554
2483 901913720
2484 901913720
2485 325464267
2486 325464267
2487 227377980
2488 227377980
2489 552842247
2490 552842247
2491 780220227
2492 780220227
2493 333062467
2494 333062467
2495 113282687
2496 113282687
2497 446345154
2498 446345154
2499 559627841
2500 559627841
2501 5972988
2502 5972988
2503 565600829
2504 565600829
2505 571573817
2506 571573817
2507 137174639
2508 137174639
2509 708748456
2510 708748456
2511 845923095
2512 845923095
2513 554671544
2514 554671544
2515 400594632
2516 400594632
2517 955266176
2518 955266176
2519 355860801
2520 355860801
2521 311126970
2522 311126970
2523 666987771
2524 666987771
2525 978114741
2526 978114741
2527 645102505
2528 645102505
2529 623217239
2530 623217239
2531 268319737
2532 268319737
2533 891536976
2534 891536976
2535 159856706
2536 159856706
2537 51393675
2538 51393675
2539 211250381
2540 211250381
2541 262644056
2542 262644056
2543 473894437
2544 473894437
2545 736538493
2546 736538493
2547 210432923
2548 210432923
2549 946971416
2550 946971416
2551 157404332
2552 157404332
2553 104375741
2554 104375741
2555 261780073
2556 261780073
2557 366155814
2558 366155814
2559 627935887
2560 627935887
2561 994091701
2562 994091701
2563 622027581
2564 622027581
2565 616119275
2566 616119275
2567 238146849
2568 238146849
2569 854266124
2570 854266124
2571 92412966
2572 92412966
2573 946679090
2574 946679090
2575 39092049
2576 39092049
2577 985771139
2578 985771139
2579 24863181
2580 24863181
2581 10634313
2582 10634313
2583 35497494
2584 35497494
2585 46131807
2586 46131807
2587 81629301
2588 81629301
2589 127761108
2590 127761108
2591 209390409
2592 209390409
2593 337151517
2594 337151517
2595 546541926
2596 546541926
2597 883693443
2598 883693443
2599 430235362
2600 430235362
2601 313928798
2602 313928798
2603 744164160
2604 744164160
2605 58092951
2606 58092951
2607 802257111
2608 802257111
2609 860350062
2610 860350062
2611 662607166
2612 662607166
2613 522957221
2614 522957221
2615 185564380
2616 185564380
2617 708521601
2618 708521601
2619 894085981
2620 894085981
2621 602607575
2622 602607575
2623 496693549
2624 496693549
2625 99301117
2626 99301117
2627 595994666
2628 595994666
2629 695295783
2630 695295783
2631 291290442
2632 291290442
2633 986586225
2634 986586225
2635 277876660
2636 277876660
2637 264462878
2638 264462878
2639 542339538
2640 542339538
2641 806802416
2642 806802416
2643 349141947
2644 349141947
2645 155944356
2646 155944356
2647 505086303
2648 505086303
2649 661030659
2650 661030659
2651 166116955
2652 166116955
2653 827147614
2654 827147614
2655 993264569
2656 993264569
2657 820412176
2658 820412176
2659 813676738
2660 813676738
2661 634088907
2662 634088907
2663 447765638
2664 447765638
2665 81854538
2666 81854538
2667 529620176
2668 529620176
2669 611474714
2670 611474714
2671 141094883
2672 141094883
2673 752569597
2674 752569597
2675 893664480
2676 893664480
2677 646234070
2678 646234070
2679 539898543
2680 539898543
2681 186132606
2682 186132606
2683 726031149
2684 726031149
2685 912163755
2686 912163755
2687 638194897
2688 638194897
2689 550358645
2690 550358645
2691 188553535
2692 188553535
2693 738912180
2694 738912180
2695 927465715
2696 927465715
2697 666377888
2698 666377888
2699 593843596
2700 593843596
2701 260221477
2702 260221477
2703 854065073
2704 854065073
2705 114286543
2706 114286543
2707 968351616
2708 968351616
2709 82638152
2710 82638152
2711 50989761
2712 50989761
2713 133627913
2714 133627913
2715 184617674
2716 184617674
2717 318245587
2718 318245587
2719 502863261
2720 502863261
2721 821108848
2722 821108848
2723 323972102
2724 323972102
2725 145080943
2726 145080943
2727 469053045
2728 469053045
2729 614133988
2730 614133988
2731 83187026
2732 83187026
2733 697321014
2734 697321014
2735 780508040
2736 780508040
2737 477829047
2738 477829047
2739 258337080
2740 258337080
2741 736166127
2742 736166127
2743 994503207
2744 994503207
2745 730669327
2746 730669327
2747 725172527
2748 725172527
2749 455841847
2750 455841847
2751 181014367
2752 181014367
2753 636856214
2754 636856214
2755 817870581
2756 817870581
2757 454726788
2758 454726788
2759 272597362
2760 272597362
2761 727324150
2762 727324150
2763 999921512
2764 999921512
2765 727245655
2766 727245655
2767 727167160
2768 727167160
2769 454412808
2770 454412808
2771 181579961
2772 181579961
2773 635992769
2774 635992769
2775 817572730
2776 817572730
2777 453565492
2778 453565492
2779 271138215
2780 271138215
2781 724703707
2782 724703707
2783 995841922
2784 995841922
2785 720545622
2786 720545622
2787 716387537
2788 716387537
2789 436933152
2790 436933152
2791 153320682
2792 153320682
2793 590253834
2794 590253834
2795 743574516
2796 743574516
2797 333828343
2798 333828343
2799 77402852
2800 77402852
2801 411231195
2802 411231195
2803 488634047
2804 488634047
2805 899865242
2806 899865242
2807 388499282
2808 388499282
2809 288364517
2810 288364517
2811 676863799
2812 676863799
2813 965228316
2814 965228316
2815 642092108
2816 642092108
2817 607320417
2818 607320417
2819 249412518
2820 249412518
2821 856732935
2822 856732935
2823 106145446
2824 106145446
2825 962878381
2826 962878381
2827 69023820
2828 69023820
2829 31902194
2830 31902194
2831 100926014
2832 100926014
2833 132828208
2834 132828208
2835 233754222
2836 233754222
2837 366582430
2838 366582430
2839 600336652
2840 600336652
2841 966919082
2842 966919082
2843 567255727
2844 567255727
2845 534174802
2846 534174802
2847 101430522
2848 101430522
2849 635605324
2850 635605324
2851 737035846
2852 737035846
2853 372641163
2854 372641163
2855 109677002
2856 109677002
2857 482318165
2858 482318165
2859 591995167
2860 591995167
2861 74313325
2862 74313325
2863 666308492
2864 666308492
2865 740621817
2866 740621817
2867 406930302
2868 406930302
2869 147552112
2870 147552112
2871 554482414
2872 554482414
2873 702034526
2874 702034526
2875 256516933
2876 256516933
2877 958551459
2878 958551459
2879 215068385
2880 215068385
2881 173619837
2882 173619837
2883 388688222
2884 388688222
2885 562308059
2886 562308059
2887 950996281
2888 950996281
2889 513304333
2890 513304333
2891 464300607
2892 464300607
2893 977604940
2894 977604940
2895 441905540
2896 441905540
2897 419510473
2898 419510473
2899 861416013
2900 861416013
2901 280926479
2902 280926479
2903 142342485
2904 142342485
2905 423268964
2906 423268964
2907 565611449
2908 565611449
2909 988880413
2910 988880413
2911 554491855
2912 554491855
2913 543372261
2914 543372261
2915 97864109
2916 97864109
2917 641236370
2918 641236370
2919 739100479
2920 739100479
2921 380336842
2922 380336842
2923 119437314
2924 119437314
2925 499774156
2926 499774156
2927 619211470
2928 619211470
2929 118985619
2930 118985619
2931 738197089
2932 738197089
2933 857182708
2934 857182708
2935 595379790
2936 595379790
2937 452562491
2938 452562491
2939 47942274
2940 47942274
2941 500504765
2942 500504765
2943 548447039
2944 548447039
2945 48951797
2946 48951797
2947 597398836
2948 597398836
2949 646350633
2950 646350633
2951 243749462
2952 243749462
2953 890100095
2954 890100095
2955 133849550
2956 133849550
2957 23949638
2958 23949638
2959 157799188
2960 157799188
2961 181748826
2962 181748826
2963 339548014
2964 339548014
2965 521296840
2966 521296840
2967 860844854
2968 860844854
2969 382141687
2970 382141687
2971 242986534
2972 242986534
2973 625128221
2974 625128221
2975 868114755
2976 868114755
2977 493242969
2978 493242969
2979 361357717
2980 361357717
2981 854600686
2982 854600686
2983 215958396
2984 215958396
2985 70559075
2986 70559075
2987 286517471
2988 286517471
2989 357076546
2990 357076546
2991 643594017
2992 643594017
2993 670556
2994 670556
2995 644264573
2996 644264573
2997 644935129
2998 644935129
2999 289199695
3000 289199695
3001 934134824
3002 934134824
3003 223334512
3004 223334512
3005 157469329
3006 157469329
3007 380803841
3008 380803841
3009 538273170
3010 538273170
3011 919077011
3012 919077011
3013 457350174
3014 457350174
3015 376427178
3016 376427178
3017 833777352
3018 833777352
3019 210204523
3020 210204523
3021 43981868
3022 43981868
3023 254186391
3024 254186391
3025 298168259
3026 298168259
3027 552354650
3028 552354650
3029 850522909
3030 850522909
3031 402877552
3032 402877552
3033 253400454
3034 253400454
3035 656278006
3036 656278006
3037 909678460
3038 909678460
3039 565956459
3040 565956459
3041 475634912
3042 475634912
3043 41591364
3044 41591364
3045 517226276
3046 517226276
3047 558817640
3048 558817640
3049 76043909
3050 76043909
3051 634861549
3052 634861549
3053 710905458
3054 710905458
3055 345767000
3056 345767000
3057 56672451
3058 56672451
3059 402439451
3060 402439451
3061 459111902
3062 459111902
3063 861551353
3064 861551353
3065 320663248
3066 320663248
3067 182214594
3068 182214594
3069 502877842
3070 502877842
3071 685092436
3072 685092436
3073 187970271
3074 187970271
3075 873062707
3076 873062707
3077 61032971
3078 61032971
3079 934095678
3080 934095678
3081 995128649
3082 995128649
3083 929224320
3084 929224320
3085 924352962
3086 924352962
3087 853577275
3088 853577275
3089 777930230
3090 777930230
3091 631507498
3092 631507498
3093 409437721
3094 409437721
3095 40945212
3096 40945212
3097 450382933
3098 450382933
3099 491328145
3100 491328145
3101 941711078
3102 941711078
3103 433039216
3104 433039216
3105 374750287
3106 374750287
3107 807789503
3108 807789503
3109 182539783
3110 182539783
3111 990329286
3112 990329286
3113 172869062
3114 172869062
3115 163198341
3116 163198341
3117 336067403
3118 336067403
3119 499265744
3120 499265744
3121 835333147
3122 835333147
3123 334598884
3124 334598884
3125 169932024
3126 169932024
3127 504530908
3128 504530908
3129 674462932
3130 674462932
3131 178993833
3132 178993833
3133 853456765
3134 853456765
3135 32450591
3136 32450591
3137 885907356
3138 885907356
3139 918357947
3140 918357947
3141 804265296
3142 804265296
3143 722623236
3144 722623236
3145 526888525
3146 526888525
3147 249511754
3148 249511754
3149 776400279
3150 776400279
3151 25912026
3152 25912026
3153 802312305
3154 802312305
3155 828224331
3156 828224331
3157 630536629
3158 630536629
3159 458760953
3160 458760953
3161 89297575
3162 89297575
3163 548058528
3164 548058528
3165 637356103
3166 637356103
3167 185414624
3168 185414624
3169 822770727
3170 822770727
3171 8185344
3172 8185344
3173 830956071
3174 830956071
3175 839141415
3176 839141415
3177 670097479
3178 670097479
3179 509238887
3180 509238887
3181 179336359
3182 179336359
3183 688575246
3184 688575246
3185 867911605
3186 867911605
3187 556486844
3188 556486844
3189 424398442
3190 424398442
3191 980885286
3192 980885286
3193 405283721
3194 405283721
3195 386169000
3196 386169000
3197 791452721
3198 791452721
3199 177621714
3200 177621714
3201 969074435
3202 969074435
3203 146696142
3204 146696142
3205 115770570
3206 115770570
3207 262466712
3208 262466712
3209 378237282
3210 378237282
3211 640703994
3212 640703994
3213 18941269
3214 18941269
3215 659645263
3216 659645263
3217 678586532
3218 678586532
3219 338231788
3220 338231788
3221 16818313
3222 16818313
3223 355050101
3224 355050101
3225 371868414
3226 371868414
3227 726918515
3228 726918515
3229 98786922
3230 98786922
3231 825705437
3232 825705437
3233 924492359
3234 924492359
3235 750197789
3236 750197789
3237 674690141
3238 674690141
3239 424887923
3240 424887923
3241 99578057
3242 99578057
3243 524465980
3244 524465980
3245 624044037
3246 624044037
3247 148510010
3248 148510010
3249 772554047
3250 772554047
3251 921064057
3252 921064057
3253 693618097
3254 693618097
3255 614682147
3256 614682147
3257 308300237
3258 308300237
3259 922982384
3260 922982384
3261 231282614
3262 231282614
3263 154264991
3264 154264991
3265 385547605
3266 385547605
3267 539812596
3268 539812596
3269 925360201
3270 925360201
3271 465172790
3272 465172790
3273 390532984
3274 390532984
3275 855705774
3276 855705774
3277 246238751
3278 246238751
3279 101944518
3280 101944518
3281 348183269
3282 348183269
3283 450127787
3284 450127787
3285 798311056
3286 798311056
3287 248438836
3288 248438836
3289 46749885
3290 46749885
3291 295188721
3292 295188721
3293 341938606
3294 341938606
3295 637127327
3296 637127327
3297 979065933
3298 979065933
3299 616193253
3300 616193253
3301 595259179
3302 595259179
3303 211452425
3304 211452425
3305 806711604
3306 806711604
3307 18164022
3308 18164022
3309 824875626
3310 824875626
3311 843039648
3312 843039648
3313 667915267
3314 667915267
3315 510954908
3316 510954908
3317 178870168
3318 178870168
3319 689825076
3320 689825076
3321 868695244
3322 868695244
3323 558520313
3324 558520313
3325 427215550
3326 427215550
3327 985735863
3328 985735863
3329 412951406
3330 412951406
3331 398687262
3332 398687262
3333 811638668
3334 811638668
3335 210325923
3336 210325923
3337 21964584
3338 21964584
3339 232290507
3340 232290507
3341 254255091
3342 254255091
3343 486545598
3344 486545598
3345 740800689
3346 740800689
3347 227346280
3348 227346280
3349 968146969
3350 968146969
3351 195493242
3352 195493242
3353 163640204
3354 163640204
3355 359133446
3356 359133446
3357 522773650
3358 522773650
3359 881907096
3360 881907096
3361 404680739
3362 404680739
3363 286587828
3364 286587828
3365 691268567
3366 691268567
3367 977856395
3368 977856395
3369 669124955
3370 669124955
3371 646981343
3372 646981343
3373 316106291
3374 316106291
3375 963087634
3376 963087634
3377 279193918
3378 279193918
3379 242281545
3380 242281545
3381 521475463
3382 521475463
3383 763757008
3384 763757008
3385 285232464
3386 285232464
3387 48989465
3388 48989465
3389 334221929
3390 334221929
3391 383211394
3392 383211394
3393 717433323
3394 717433323
3395 100644710
3396 100644710
3397 818078033
3398 818078033
3399 918722743
3400 918722743
3401 736800769
3402 736800769
3403 655523505
3404 655523505
3405 392324267
3406 392324267
3407 47847765
3408 47847765
3409 440172032
3410 440172032
3411 488019797
3412 488019797
3413 928191829
3414 928191829
3415 416211619
3416 416211619
3417 344403441
3418 344403441
3419 760615060
3420 760615060
3421 105018494
3422 105018494
3423 865633554
3424 865633554
3425 970652048
3426 970652048
3427 836285595
3428 836285595
3429 806937636
3430 806937636
3431 643223224
3432 643223224
3433 450160853
3434 450160853
3435 93384070
3436 93384070
3437 543544923
3438 543544923
3439 636928993
3440 636928993
3441 180473909
3442 180473909
3443 817402902
3444 817402902
3445 997876811
3446 997876811
3447 815279706
3448 815279706
3449 813156510
3450 813156510
3451 628436209
3452 628436209
3453 441592712
3454 441592712
3455 70028914
3456 70028914
3457 511621626
3458 511621626
3459 581650540
3460 581650540
3461 93272159
3462 93272159
3463 674922699
3464 674922699
3465 768194858
3466 768194858
3467 443117550
3468 443117550
3469 211312401
3470 211312401
3471 654429951
3472 654429951
3473 865742352
3474 865742352
3475 520172296
3476 520172296
3477 385914641
3478 385914641
3479 906086937
3480 906086937
3481 292001571
3482 292001571
3483 198088501
3484 198088501
3485 490090072
3486 490090072
3487 688178573
3488 688178573
3489 178268638
3490 178268638
3491 866447211
3492 866447211
3493 44715842
3494 44715842
3495 911163053
3496 911163053
3497 955878895
3498 955878895
3499 867041941
3500 867041941
3501 822920829
3502 822920829
3503 689962763
3504 689962763
3505 512883585
3506 512883585
3507 202846341
3508 202846341
3509 715729926
3510 715729926
3511 918576267
3512 918576267
3513 634306186
3514 634306186
3515 552882446
3516 552882446
3517 187188625
3518 187188625
3519 740071071
3520 740071071
3521 927259696
3522 927259696
3523 667330760
3524 667330760
3525 594590449
3526 594590449
3527 261921202
3528 261921202
3529 856511651
3530 856511651
3531 118432846
3532 118432846
3533 974944497
3534 974944497
3535 93377336
3536 93377336
3537 68321826
3538 68321826
3539 161699162
3540 161699162
3541 230020988
3542 230020988
3543 391720150
3544 391720150
3545 621741138
3546 621741138
3547 13461281
3548 13461281
3549 635202419
3550 635202419
3551 648663700
3552 648663700
3553 283866112
3554 283866112
3555 932529812
3556 932529812
3557 216395917
3558 216395917
3559 148925722
3560 148925722
3561 365321639
3562 365321639
3563 514247361
3564 514247361
3565 879569000
3566 879569000
3567 393816354
3568 393816354
3569 273385347
3570 273385347
3571 667201701
3572 667201701
3573 940587048
3574 940587048
3575 607788742
3576 607788742
3577 548375783
3578 548375783
3579 156164518
3580 156164518
3581 704540301
3582 704540301
3583 860704819
3584 860704819
3585 565245113
3586 565245113
3587 425949925
3588 425949925
3589 991195038
3590 991195038
3591 417144956
3592 417144956
3593 408339987
3594 408339987
3595 825484943
3596 825484943
3597 233824923
3598 233824923
3599 59309859
3600 59309859
3601 293134782
3602 293134782
3603 352444641
3604 352444641
3605 645579423
3606 645579423
3607 998024064
3608 998024064
3609 643603480
3610 643603480
3611 641627537
3612 641627537
3613 285231010
3614 285231010
3615 926858547
3616 926858547
3617 212089550
3618 212089550
3619 138948090
3620 138948090
3621 351037640
3622 351037640
3623 489985730
3624 489985730
3625 841023370
3626 841023370
3627 331009093
3628 331009093
3629 172032456
3630 172032456
3631 503041549
3632 503041549
3633 675074005
3634 675074005
3635 178115547
3636 178115547
3637 853189552
3638 853189552
3639 31305092
3640 31305092
3641 884494644
3642 884494644
3643 915799736
3644 915799736
3645 800294373
3646 800294373
3647 716094102
3648 716094102
3649 516388468
3650 516388468
3651 232482563
3652 232482563
3653 748871031
3654 748871031
3655 981353594
3656 981353594
3657 730224618
3658 730224618
3659 711578205
3660 711578205
3661 441802816
3662 441802816
3663 153381014
3664 153381014
3665 595183830
3666 595183830
3667 748564844
3668 748564844
3669 343748667
3670 343748667
3671 92313504
3672 92313504
3673 436062171
3674 436062171
3675 528375675
3676 528375675
3677 964437846
3678 964437846
3679 492813514
3680 492813514
3681 457251353
3682 457251353
3683 950064867
3684 950064867
3685 407316213
3686 407316213
3687 357381073
3688 357381073
3689 764697286
3690 764697286
3691 122078352
3692 122078352
3693 886775638
3694 886775638
3695 8853983
3696 8853983
3697 895629621
3698 895629621
3699 904483604
3700 904483604
3701 800113218
3702 800113218
3703 704596815
3704 704596815
3705 504710026
3706 504710026
3707 209306834
3708 209306834
3709 714016860
3710 714016860
3711 923323694
3712 923323694
3713 637340547
3714 637340547
3715 560664234
3716 560664234
3717 198004774
3718 198004774
3719 758669008
3720 758669008
3721 956673782
3722 956673782
3723 715342783
3724 715342783
3725 672016558
3726 672016558
3727 387359334
3728 387359334
3729 59375885
3730 59375885
3731 446735219
3732 446735219
3733 506111104
3734 506111104
3735 952846323
3736 952846323
3737 458957420
3738 458957420
3739 411803736
3740 411803736
3741 870761156
3742 870761156
3743 282564885
3744 282564885
3745 153326034
3746 153326034
3747 435890919
3748 435890919
3749 589216953
3750 589216953
3751 25107865
3752 25107865
3753 614324818
3754 614324818
3755 639432683
3756 639432683
3757 253757494
3758 253757494
3759 893190177
3760 893190177
3761 146947664
3762 146947664
3763 40137834
3764 40137834
3765 187085498
3766 187085498
3767 227223332
3768 227223332
3769 414308830
3770 414308830
3771 641532162
3772 641532162
3773 55840985
3774 55840985
3775 697373147
3776 697373147
3777 753214132
3778 753214132
3779 450587272
3780 450587272
3781 203801397
3782 203801397
3783 654388669
3784 654388669
3785 858190066
3786 858190066
3787 512578728
3788 512578728
3789 370768787
3790 370768787
3791 883347515
3792 883347515
3793 254116295
3794 254116295
3795 137463803
3796 137463803
3797 391580098
3798 391580098
3799 529043901
3800 529043901
3801 920623999
3802 920623999
3803 449667893
3804 449667893
3805 370291885
3806 370291885
3807 819959778
3808 819959778
3809 190251656
3810 190251656
3811 10211427
3812 10211427
3813 200463083
3814 200463083
3815 210674510
3816 210674510
3817 411137593
3818 411137593
3819 621812103
3820 621812103
3821 32949689
3822 32949689
3823 654761792
3824 654761792
3825 687711481
3826 687711481
3827 342473266
3828 342473266
3829 30184740
3830 30184740
3831 372658006
3832 372658006
3833 402842746
3834 402842746
3835 775500752
3836 775500752
3837 178343491
3838 178343491
3839 953844243
3840 953844243
3841 132187727
3842 132187727
3843 86031963
3844 86031963
3845 218219690
3846 218219690
3847 304251653
3848 304251653
3849 522471343
3850 522471343
3851 826722996
3852 826722996
3853 349194332
3854 349194332
3855 175917321
3856 175917321
3857 525111653
3858 525111653
3859 701028974
3860 701028974
3861 226140620
3862 226140620
3863 927169594
3864 927169594
3865 153310207
3866 153310207
3867 80479794
3868 80479794
3869 233790001
3870 233790001
3871 314269795
3872 314269795
3873 548059796
3874 548059796
3875 862329591
3876 862329591
3877 410389380
3878 410389380
3879 272718964
3880 272718964
3881 683108344
3882 683108344
3883 955827308
3884 955827308
3885 638935645
3886 638935645
3887 594762946
3888 594762946
3889 233698584
3890 233698584
3891 828461530
3892 828461530
3893 62160107
3894 62160107
3895 890621637
3896 890621637
3897 952781744
3898 952781744
3899 843403374
3900 843403374
3901 796185111
3902 796185111
3903 639588478
3904 639588478
3905 435773582
3906 435773582
3907 75362053
3908 75362053
3909 511135635
3910 511135635
3911 586497688
3912 586497688
3913 97633316
3914 97633316
3915 684131004
3916 684131004
3917 781764320
3918 781764320
3919 465895317
3920 465895317
3921 247659630
3922 247659630
3923 713554947
3924 713554947
3925 961214577
3926 961214577
3927 674769517
3928 674769517
3929 635984087
3930 635984087
3931 310753597
3932 310753597
3933 946737684
3934 946737684
3935 257491274
3936 257491274
3937 204228951
3938 204228951
3939 461720225
3940 461720225
3941 665949176
3942 665949176
3943 127669394
3944 127669394
3945 793618570
3946 793618570
3947 921287964
3948 921287964
3949 714906527
3950 714906527
3951 636194484
3952 636194484
3953 351101004
3954 351101004
3955 987295488
3956 987295488
3957 338396485
3958 338396485
3959 325691966
3960 325691966
3961 664088451
3962 664088451
3963 989780417
3964 989780417
3965 653868861
3966 653868861
3967 643649271
3968 643649271
3969 297518125
3970 297518125
3971 941167396
3972 941167396
3973 238685514
3974 238685514
3975 179852903
3976 179852903
3977 418538417
3978 418538417
3979 598391320
3980 598391320
3981 16929730
3982 16929730
3983 615321050
3984 615321050
3985 632250780
3986 632250780
3987 247571823
3988 247571823
3989 879822603
3990 879822603
3991 127394419
3992 127394419
3993 7217015
3994 7217015
3995 134611434
3996 134611434
3997 141828449
3998 141828449
3999 276439883
4000 276439883
4001 418268332
4002 418268332
4003 694708215
4004 694708215
4005 112976540
4006 112976540
4007 807684755
4008 807684755
4009 920661295
4010 920661295
4011 728346043
4012 728346043
4013 649007331
4014 649007331
4015 377353367
4016 377353367
4017 26360691
4018 26360691
4019 403714058
4020 403714058
4021 430074749
4022 430074749
4023 833788807
4024 833788807
4025 263863549
4026 263863549
4027 97652349
4028 97652349
4029 361515898
4030 361515898
4031 459168247
4032 459168247
4033 820684145
4034 820684145
4035 279852385
4036 279852385
4037 100536523
4038 100536523
4039 380388908
4040 380388908
4041 480925431
4042 480925431
4043 861314339
4044 861314339
4045 342239763
4046 342239763
4047 203554095
4048 203554095
4049 545793858
4050 545793858
4051 749347953
4052 749347953
4053 295141804
4054 295141804
4055 44489750
4056 44489750
4057 339631554
4058 339631554
4059 384121304
4060 384121304
4061 723752858
4062 723752858
4063 107874155
4064 107874155
4065 831627013
4066 831627013
4067 939501168
4068 939501168
4069 771128174
4070 771128174
4071 710629335
4072 710629335
4073 481757502
4074 481757502
4075 192386830
4076 192386830
4077 674144332
4078 674144332
4079 866531162
4080 866531162
4081 540675487
4082 540675487
4083 407206642
4084 407206642
4085 947882129
4086 947882129
4087 355088764
4088 355088764
4089 302970886
4090 302970886
4091 658059650
4092 658059650
4093 961030536
4094 961030536
Case #1: 961030536
